1 -66.9056   148.7759
1 -14.5725   237.3584
1 -23.2721    50.3015
1 -23.4408   227.9041
1 -15.6577   210.0969
1 -12.2196    71.2210
1  -0.0000   225.0000
1  -5.1880    77.0321
1  -6.1008   238.3690
1  -1.0351   247.2917
1  -1.3169   209.9568
1 -24.5273    56.0116
1 -11.2132    78.3920
1 -31.2859    52.8967
1  -4.8179   201.6369
1 -14.3955   106.0071
1 -24.1958   103.9654
1 -12.2602    85.3739
1  -6.6575   264.2153
1 -16.1990    91.1181
1  -6.4668   154.8061
1  -7.7799   207.6072
1 -61.3085   191.6499
1 -29.9756    49.3181
1 -21.9991    81.7432
1 -22.5341    80.8576
1  -3.5934    72.4708
1 -15.0032    93.2680
1  -2.5080   -79.2384
1  -6.2067   240.2263
1 -16.6079   -88.7169
1 -20.3802    67.0475
1 -21.6674    74.0939
1 -74.5002   129.4854
1  -5.9641   266.1697
1 -16.7280   231.7673
1  -4.6832    78.8165
1 -28.6832    45.1943
1  -2.7150   237.1889
1 -18.1442    73.2029
1 -27.0086    90.4128
1 -72.9155   180.7684
1 -22.0416    92.0504
1 -17.7721   260.8103
1 -10.0575    81.1286
1 -30.0429    45.6597
1 -36.0012   184.1260
1 -27.0736   245.6934
1 -12.0102   264.2023
1 -11.5713    89.9907
1  -7.2963   256.2273
1 -16.1874   257.8306
1  -1.4826   220.4639
1 -28.7136   188.5544
1  -8.3780   243.1712
1 -10.8935   -86.7586
1  -0.7576   -71.9967
1 -21.1316   245.3010
1 -21.4142   230.9729
1 -10.8893   -87.1955
1 -28.2468   262.8102
1 -25.6099    76.3524
1  -9.5273    82.4269
1 -20.3736    72.5868
1 -19.4821    81.7137
1 -41.7251   219.6103
1  -5.8298   -16.8279
1  -6.1405   269.7367
1 -60.4156    -6.2222
1 -40.8824    41.8085
1 -51.5534   136.4730
1 -57.7586    43.0623
1  -4.2857   256.1155
1 -21.5010    94.0980
1 -16.3475    73.3331
1 -11.9313    55.7205
1  -4.4801    79.6489
1  -3.8067    55.8717
1 -14.7581    82.6016
1  -9.7169   -78.9945
1  -5.3501   248.7900
1 -70.9260   268.2173
1 -24.7625    66.4554
1 -19.1829   100.9808
1 -42.0800    35.8758
1 -11.9395    39.7551
1 -19.6471    45.2575
1 -18.7856    56.9223
1 -12.6361    73.3580
1  -5.6476    63.7198
1 -21.4895    78.9616
1  -7.6413    48.5615
1 -77.6232   176.9306
1 -10.6262    90.3155
1 -19.1401    76.7664
1 -74.8061   132.4475
1 -69.4391   241.0421
1 -67.3029   179.8077
1  -1.0171   256.4143
1  -3.3343   262.6384
1  -4.6268    84.2707
1  -6.9834    73.9859
1  -1.0386    69.1212
1 -15.0128    87.5359
1 -11.0562   248.1192
1  -1.2519   -82.0658
1 -42.1451    67.6590
1  -7.4438   236.5644
1 -13.9529    84.6661
1  -7.7799    46.3928
1 -11.1721   112.9607
1 -13.9975    61.7721
1 -18.7783    90.1627
1  -0.4352   261.0532
1 -24.4730    80.1668
1  -2.3404   -86.6439
1 -26.5675    10.2395
1 -28.0137    38.0443
1 -30.7372    48.3237
1 -13.8551   259.5806
1 -11.2882   100.5770
1  -8.0686    64.5899
1 -25.0093    94.4396
1 -19.7028   208.4906
1  -1.6152    83.4574
1  -3.4125    89.0656
1  -3.5621    70.4540
1  -5.9428    88.5547
