  0.203  -0.335   0.920
 -0.815  -0.522   0.252
  0.707   0.587   0.395
 -0.681  -0.615   0.398
 -0.483  -0.833   0.270
  0.925   0.315   0.212
 -0.707  -0.707   0.000
  0.971   0.224   0.090
 -0.847  -0.521   0.106
 -0.922  -0.386   0.018
 -0.499  -0.866   0.023
  0.754   0.509   0.415
  0.961   0.197   0.195
  0.682   0.515   0.519
 -0.367  -0.926   0.084
  0.931  -0.267   0.249
  0.885  -0.220   0.410
  0.974   0.079   0.212
 -0.988  -0.100   0.116
  0.960  -0.019   0.279
  0.423  -0.899   0.113
 -0.459  -0.878   0.135
 -0.097  -0.470   0.877
  0.657   0.565   0.500
  0.918   0.133   0.375
  0.912   0.147   0.383
  0.952   0.301   0.063
  0.964  -0.055   0.259
 -0.982   0.186   0.044
 -0.863  -0.494   0.108
 -0.958   0.021   0.286
  0.863   0.366   0.348
  0.894   0.255   0.369
  0.206  -0.170   0.964
 -0.992  -0.066   0.104
 -0.752  -0.593   0.288
  0.978   0.193   0.082
  0.622   0.618   0.480
 -0.840  -0.541   0.047
  0.910   0.275   0.311
  0.891  -0.006   0.454
 -0.004  -0.294   0.956
  0.926  -0.033   0.375
 -0.940  -0.152   0.305
  0.973   0.152   0.175
  0.619   0.605   0.501
 -0.058  -0.807   0.588
 -0.811  -0.366   0.455
 -0.973  -0.099   0.208
  0.980   0.000   0.201
 -0.963  -0.236   0.127
 -0.939  -0.202   0.279
 -0.649  -0.761   0.026
 -0.131  -0.867   0.480
 -0.883  -0.447   0.146
 -0.980   0.056   0.189
 -0.951   0.309   0.013
 -0.847  -0.390   0.360
 -0.723  -0.586   0.365
 -0.981   0.048   0.189
 -0.874  -0.110   0.473
  0.876   0.213   0.432
  0.978   0.130   0.166
  0.894   0.281   0.348
  0.933   0.136   0.334
 -0.476  -0.575   0.666
 -0.288   0.952   0.102
 -0.994  -0.005   0.107
 -0.053   0.491   0.870
  0.504   0.564   0.654
  0.428  -0.451   0.783
  0.364   0.390   0.846
 -0.968  -0.239   0.075
  0.928  -0.067   0.366
  0.919   0.275   0.281
  0.808   0.551   0.207
  0.981   0.179   0.078
  0.826   0.560   0.066
  0.959   0.124   0.255
 -0.968   0.188   0.169
 -0.928  -0.360   0.093
 -0.327  -0.010   0.945
  0.833   0.363   0.419
  0.927  -0.180   0.329
  0.435   0.601   0.670
  0.626   0.752   0.207
  0.669   0.663   0.336
  0.793   0.517   0.322
  0.935   0.280   0.219
  0.892   0.441   0.098
  0.913   0.178   0.366
  0.743   0.656   0.133
  0.011  -0.214   0.977
  0.983  -0.005   0.184
  0.920   0.216   0.328
  0.193  -0.177   0.965
 -0.307  -0.170   0.936
  0.001  -0.386   0.923
 -0.972  -0.235   0.018
 -0.990  -0.128   0.058
  0.992   0.100   0.081
  0.954   0.274   0.122
  0.934   0.356   0.018
  0.965   0.042   0.259
 -0.911  -0.366   0.192
 -0.990   0.138   0.022
  0.686   0.282   0.671
 -0.828  -0.546   0.130
  0.966   0.090   0.241
  0.717   0.683   0.135
  0.903  -0.383   0.194
  0.855   0.459   0.242
  0.947  -0.003   0.322
 -0.988  -0.155   0.008
  0.897   0.155   0.414
 -0.998   0.059   0.041
  0.159   0.880   0.447
  0.544   0.695   0.470
  0.642   0.572   0.511
 -0.955  -0.176   0.239
  0.964  -0.180   0.196
  0.894   0.425   0.140
  0.903  -0.070   0.423
 -0.449  -0.827   0.337
  0.993   0.114   0.028
  0.998   0.016   0.059
  0.941   0.334   0.062
  0.994   0.025   0.103
