167.510 -15.262 103.8 0 -999
167.635 -15.483 114.4 0 -999
-999 -999 -999 0 -999
-999 -999 -999 0 -999
167.709 -15.392 117.1 0 -999
167.229 -15.102 139.0 0 -999
167.011 -15.376 30.8 0 -999
167.275 -14.706 79.3 0 -999
167.676 -15.223 112.4 0 -999
166.900 -15.080 26.6 0 -999
167.274 -14.824 139.2 0 -999
167.069 -14.238 35.5 0 -999
-999 -999 -999 0 -999
167.645 -15.482 100.1 0 -999
-999 -999 -999 0 -999
167.407 -14.693 103.1 0 -999
-999 -999 -999 0 -999
-999 -999 -999 0 -999
166.952 -15.243 25.8 0 -999
-999 -999 -999 0 -999
-999 -999 -999 0 -999
167.325 -14.371 196.2 0 -999
166.770 -13.858 162.4 0 -999
-999 -999 -999 0 -999
167.307 -14.736 140.5 0 -999
167.525 -15.622 123.5 0 -999
-999 -999 -999 0 -999
167.643 -15.684 164.4 0 -999
-999 -999 -999 0 -999
-999 -999 -999 0 -999
167.368 -15.580 108.7 0 -999
-999 -999 -999 0 -999
-999 -999 -999 0 -999
167.715 -15.460 120.8 0 -999
167.866 -15.392 133.9 0 -999
167.279 -14.900 132.3 0 -999
-999 -999 -999 0 -999
167.693 -15.214 131.7 0 -999
166.912 -14.544 18.6 0 -999
167.607 -14.513 127.5 0 -999
167.408 -14.871 138.1 0 -999
-999 -999 -999 0 -999
-999 -999 -999 0 -999
-999 -999 -999 0 -999
-999 -999 -999 0 -999
167.719 -15.400 116.6 0 -999
167.421 -15.087 76.0 0 -999
167.379 -15.304 65.6 0 -999
-999 -999 -999 0 -999
-999 -999 -999 0 -999
-999 -999 -999 0 -999
-999 -999 -999 0 -999
167.489 -14.291 194.9 0 -999
167.318 -14.788 105.5 0 -999
-999 -999 -999 0 -999
167.586 -14.335 38.6 0 -999
167.223 -14.803 129.5 0 -999
-999 -999 -999 0 -999
-999 -999 -999 0 -999
-999 -999 -999 0 -999
-999 -999 -999 0 -999
167.831 -14.609 65.4 0 -999
167.525 -15.501 129.5 0 -999
167.519 -15.610 93.5 0 -999
167.162 -16.474 22.8 0 -999
-999 -999 -999 0 -999
166.288 -13.906 38.6 0 -999
-999 -999 -999 0 -999
-999 -999 -999 0 -999
167.514 -14.777 117.1 0 -999
167.409 -15.269 114.0 0 -999
167.039 -15.434 5.0 0 -999
-999 -999 -999 0 -999
-999 -999 -999 0 -999
-999 -999 -999 0 -999
167.247 -14.681 75.0 0 -999
167.020 -16.355 31.1 0 -999
167.741 -15.491 131.4 0 -999
-999 -999 -999 0 -999
168.291 -19.678 37.9 0 -999
-999 -999 -999 0 -999
-999 -999 -999 0 -999
166.845 -15.641 35.2 0 -999
167.270 -15.592 120.0 0 -999
166.822 -15.724 40.4 0 -999
166.941 -15.509 26.8 0 -999
-999 -999 -999 0 -999
-999 -999 -999 0 -999
167.321 -14.778 124.1 0 -999
167.954 -15.952 151.8 0 -999
167.363 -14.883 141.4 0 -999
-999 -999 -999 0 -999
167.572 -14.599 83.5 0 -999
167.771 -16.561 38.6 0 -999
-999 -999 -999 0 -999
167.433 -14.825 111.8 0 -999
167.433 -16.044 34.2 0 -999
167.853 -15.605 136.9 0 -999
167.988 -15.419 123.2 0 -999
-999 -999 -999 0 -999
167.158 -16.531 31.6 0 -999
167.368 -14.822 90.9 0 -999
-999 -999 -999 0 -999
166.276 -14.769 101.1 0 -999
-999 -999 -999 0 -999
167.214 -16.516 21.8 0 -999
167.212 -14.368 162.8 0 -999
167.185 -16.483 22.5 0 -999
167.932 -15.145 111.9 0 -999
167.961 -15.120 76.1 0 -999
167.496 -14.805 108.1 0 -999
167.834 -16.626 29.3 0 -999
167.556 -14.689 151.8 0 -999
-999 -999 -999 0 -999
167.463 -15.502 127.9 0 -999
167.851 -15.743 101.3 0 -999
167.345 -14.784 146.3 0 -999
167.340 -14.825 149.4 0 -999
167.021 -14.611 35.0 0 -999
-999 -999 -999 0 -999
167.112 -16.396 35.0 0 -999
-999 -999 -999 0 -999
167.020 -15.356 35.0 0 -999
-999 -999 -999 0 -999
-999 -999 -999 0 -999
-999 -999 -999 0 -999
167.433 -15.415 92.0 0 -999
167.081 -14.754 92.4 0 -999
-999 -999 -999 0 -999
-999 -999 -999 0 -999
167.634 -15.535 142.2 0 -999
167.503 -14.921 102.4 0 -999
167.413 -14.890 97.1 0 -999
-999 -999 -999 0 -999
-999 -999 -999 0 -999
-999 -999 -999 0 -999
-999 -999 -999 0 -999
167.436 -15.475 116.0 0 -999
-999 -999 -999 0 -999
-999 -999 -999 0 -999
-999 -999 -999 0 -999
-999 -999 -999 0 -999
167.357 -15.225 120.5 0 -999
167.291 -14.711 88.5 0 -999
166.731 -15.492 25.5 0 -999
-999 -999 -999 0 -999
168.549 -15.426 35.0 0 -999
-999 -999 -999 0 -999
-999 -999 -999 0 -999
-999 -999 -999 0 -999
-999 -999 -999 0 -999
-999 -999 -999 0 -999
-999 -999 -999 0 -999
-999 -999 -999 0 -999
167.399 -14.682 152.7 0 -999
167.557 -14.731 116.3 0 -999
-999 -999 -999 0 -999
-999 -999 -999 0 -999
167.654 -16.354 50.5 0 -999
167.255 -14.787 86.8 0 -999
167.637 -15.385 118.4 0 -999
-999 -999 -999 0 -999
-999 -999 -999 0 -999
167.692 -15.375 95.1 0 -999
168.045 -16.092 133.7 0 -999
166.487 -16.080 25.0 0 -999
167.822 -15.646 204.8 0 -999
-999 -999 -999 0 -999
167.496 -15.771 51.2 0 -999
-999 -999 -999 0 -999
-999 -999 -999 0 -999
-999 -999 -999 0 -999
